23
20
138
51
41
56
35
32
43
27
27
19
18
15
37
31
41
39
30
27
37
34
28
24
21
19
14
38
50
44
35
116
114
103
98
87
72
67
66
1
0
0
29
25
48
37
33
38
34
24
36
19
142
100
100
70
73
72
72
71
61
58
30
30
28
43
27
27
24
10
11
11
28
18
18
35
15
11
9
39
43
56
55
53
55
53
46
40
38
46
48
54
53
52
48
43
26
19
31
28
57
44
43
31
27
72
58
43
59
54
55
48
94
69
69
59
48
61
63
34
17
17
15
12
23
17
27
58
46
0
35
30
43
35
28
27
20
22
22
114
89
85
86
68
63
51
45
42
34
26
12
7
44
1
14
108
86
77
63
52
42
37
32
29
24
22
17
10
0
64
60
66
31
44
30
28
42
1
0
0
19
60
1
25
68
64
32
30
31
29
26
25
19
28
27
24
15
20
17
218
192
177
170
136
96
14
36
32
29
11
8
6
3
54
59
58
57
58
55
52
49
45
70
72
93
91
25
24
20
23
84
76
67
60
18
9
19
32
28
23
21
19
14
11
21
25
25
21
18
9
4
2
0
17
16
35
30
21
16
43
58
19
17
69
45
38
39
37
28
10
2
2
12
12
11
10
10
7
6
6
92
84
77
70
91
34
33
93
75
111
99
52
45
56
54
42
33
44
37
30
33
28
67
81
80
74
36
157
93
100
98
20
19
55
57
55
45
76
57
73
48
42
42
36
31
28
28
6
4
15
12
8
7
6
18
68
65
25
90
88
77
52
51
55
53
51
49
75
60
55
65
60
55
21
19
6
31
25
11
5
16
13
19
15
11
8
6
6
54
52
17
91
54
83
80
51
41
32
31
36
17
14
13
11
5
185
176
301
279
304
229
220
193
241
231
206
145
132
139
100
86
51
39
57
54
51
47
47
64
32
43
35
29
48
29
28
35
36
34
14
18
15
112
102
93
74
68
62
50
49
20
19
31
24
24
54
12
10
30
13
10
31
28
24
24
21
17
22
19
18
22
18
16
55
50
46
42
84
76
67
54
26
47
50
53
49
79
42
35
61
49
27
60
56
31
31
27
19
69
40
61
50
33
26
21
20
16
14
17
30
5
5
13
14
0
3
5
5
6
6
27
22
23
27
24
3
1
1
2
16
6
32
26
25
3
3
5
5
4
3
2
2
0
0
15
13
2
18
16
68
5
5
12
45
40
22
2
13
21
0
0
16
2
0
0
0
0
26
32
0
21
15
1
4
12
0
0
1
0
2
19
4
13
0
5
7
1
8
0
67
3
6
68
28
4
17
4
29
5
0
14
1
2
3
43
26
28
2
0
0
11
54
15
22
20
12
12
15
12
14
15
7
0
1
11
3
22
20
13
2
36
31
13
30
0
4
34
5
6
1
50
5
0
10
7
24
0
1
14
39
6
5
3
5
27
9
0
1
21
67
60
8
70
34
0
12
4
3
23
9
