150
145
519
321
326
414
271
268
347
301
294
244
238
236
329
300
369
366
363
359
404
396
389
320
309
258
213
306
391
333
340
680
643
627
612
585
519
364
521
212
198
95
171
209
301
301
295
316
313
238
261
168
424
479
481
349
344
362
352
351
347
341
225
222
218
276
192
186
181
95
92
88
141
38
35
92
58
60
61
238
323
350
333
333
384
382
383
384
382
395
351
363
362
350
349
350
311
249
300
188
329
285
278
270
268
566
486
518
537
501
518
463
680
361
355
334
244
282
278
222
118
115
115
100
128
120
137
493
453
0
64
63
404
402
394
363
271
207
201
547
498
422
419
393
389
382
381
378
375
372
270
270
424
240
355
402
365
367
364
350
405
403
395
387
380
369
360
351
177
384
382
366
113
269
247
247
314
34
0
0
140
504
219
166
322
320
225
216
236
236
235
228
202
226
221
220
224
186
181
789
744
737
740
749
590
106
310
309
297
211
205
174
170
328
320
320
313
317
271
269
249
247
285
269
326
323
129
128
127
95
346
347
342
343
136
141
343
426
424
418
332
326
122
118
95
135
134
135
137
122
125
129
0
181
176
274
276
249
218
264
336
152
154
418
344
344
382
379
377
209
112
109
159
157
156
156
154
149
110
109
479
476
266
267
347
188
201
442
413
581
576
310
315
391
386
392
347
403
345
344
362
361
193
396
391
389
230
758
489
536
531
218
210
484
477
470
311
380
210
254
174
180
463
463
459
454
444
195
187
259
207
202
198
188
292
399
391
79
566
566
565
348
341
377
375
374
368
457
417
407
472
461
452
240
233
50
209
226
214
106
167
142
170
168
163
162
158
150
294
294
112
504
359
531
555
518
406
288
183
267
197
188
183
171
137
684
608
1042
990
1047
844
963
596
1062
1046
921
754
742
802
626
624
479
481
540
564
560
470
455
523
292
505
226
225
294
212
207
242
234
235
131
129
129
434
441
438
446
542
534
534
533
337
332
407
300
293
451
193
191
396
198
197
411
406
397
389
336
330
362
352
350
360
231
167
319
319
298
293
578
566
562
552
279
402
313
361
283
315
263
264
465
378
292
657
647
199
191
185
142
477
265
428
341
297
298
297
279
242
237
235
224
21
21
140
139
0
135
136
133
127
88
166
167
156
232
218
65
65
43
86
259
70
224
218
269
36
35
55
53
54
37
37
50
39
37
93
90
15
212
50
307
155
16
32
177
261
79
34
65
232
116
202
47
72
0
0
2
0
96
126
81
74
164
35
27
34
17
34
55
0
72
104
6
58
45
83
20
63
50
0
212
23
99
205
85
151
83
48
89
26
0
53
44
37
62
244
100
93
65
0
58
95
83
143
115
60
80
78
58
103
59
37
20
24
19
77
40
59
215
244
44
295
98
37
203
0
95
164
42
38
123
292
72
69
69
35
197
33
53
132
187
24
106
26
20
178
109
0
34
43
197
465
103
327
126
0
48
80
269
66
35
