80
75
286
173
174
231
155
138
138
113
100
80
74
69
124
99
128
122
123
119
112
100
96
82
77
64
48
94
116
105
109
182
171
165
159
148
140
117
190
33
29
11
51
81
115
113
107
124
119
99
109
70
199
171
167
111
97
100
98
94
91
91
53
53
50
63
45
41
38
27
23
23
59
28
20
90
69
69
53
68
129
145
134
136
149
148
148
138
134
126
111
103
101
92
89
90
62
54
87
62
127
115
112
103
99
158
144
162
159
143
134
123
236
151
146
116
82
122
119
87
51
48
43
34
46
42
72
167
122
0
57
59
109
114
105
99
75
61
53
151
138
128
125
112
112
111
107
103
102
103
82
78
174
61
85
239
211
213
205
191
195
185
166
156
142
129
113
105
50
126
124
110
41
96
88
83
129
7
0
0
27
171
39
38
122
122
93
91
97
94
89
79
71
59
53
54
57
53
50
163
155
160
165
181
153
28
67
68
68
41
40
37
38
109
102
96
93
92
75
72
67
69
89
85
100
99
32
32
34
26
142
138
134
132
48
53
139
232
226
219
166
154
88
80
64
92
85
78
68
70
71
71
0
58
56
106
100
95
81
128
148
74
73
179
151
151
166
151
147
77
36
33
41
38
35
34
33
32
24
23
123
114
130
125
139
52
54
144
130
172
167
85
84
116
118
120
105
124
105
105
109
107
85
132
129
127
80
250
153
151
149
45
41
107
100
89
68
99
64
71
58
66
157
148
140
134
122
49
44
58
45
45
46
44
63
114
113
23
176
180
175
118
114
114
113
107
103
124
106
95
133
127
124
37
29
28
102
111
89
44
62
50
62
58
56
54
55
42
110
105
37
176
125
250
216
168
131
84
57
89
58
53
47
45
37
221
189
345
316
356
262
287
237
329
320
281
269
264
289
232
220
167
158
170
172
164
134
131
170
68
91
64
66
86
79
72
80
78
76
56
54
50
214
215
214
205
210
202
203
196
140
130
143
103
91
144
52
51
125
62
60
134
123
111
100
79
71
69
63
61
60
36
27
84
84
81
78
167
159
176
164
83
117
85
108
101
110
79
82
140
91
62
138
135
45
43
46
41
170
96
168
143
132
129
115
100
79
72
65
76
1
1
56
50
0
40
36
32
27
13
39
38
37
59
56
10
12
12
22
52
12
58
54
61
9
9
10
9
9
8
9
12
8
7
38
33
9
53
0
95
21
4
17
40
77
26
14
22
86
35
59
36
38
0
0
4
0
59
64
5
27
70
5
6
22
2
4
9
0
17
37
3
25
2
18
3
3
30
0
80
6
16
109
60
66
16
22
59
9
0
7
6
9
11
73
36
45
9
0
5
27
69
40
48
10
22
10
40
33
76
21
7
4
3
20
14
17
84
66
11
81
25
14
80
0
28
65
10
4
19
89
20
3
34
6
63
11
5
44
104
28
42
4
8
67
31
0
4
22
86
94
25
103
37
0
12
23
24
22
13
