0
6
1
0
0
15
0
1
4
1
1
1
1
43
0
1
1
0
1
1
1
1
0
1
0
3
0
0
0
0
28
1
7
65
1
1
1
1
1
5
1
1
1
1
51
1
1
2
9
9
8
0
2
0
1
0
46
1
3
1
0
1
1
0
0
1
1
1
0
3
0
0
6
1
0
2
18
7
0
1
1
1
2
4
0
1
0
0
3
1
1
6
0
1
14
1
0
1
0
0
0
0
0
0
1
2
14
0
8
1
0
7
0
8
5
0
1
2
6
0
1
1
0
3
0
1
52
0
0
1
13
0
15
1
1
4
0
0
0
1
1
0
6
1
1
1
8
8
1
2
3
6
0
41
0
3
7
1
0
0
1
1
1
1
0
0
3
23
1
2
1
1
1
0
3
0
1
2
21
0
3
1
1
6
0
2
0
2
0
7
0
11
2
0
23
1
7
0
1
8
1
0
0
2
0
9
0
1
18
2
0
0
22
0
14
1
0
0
1
0
0
1
8
1
8
23
0
2
1
1
0
0
0
0
0
8
0
1
2
1
1
0
7
0
0
0
1
8
1
1
0
0
11
0
0
9
1
1
0
1
1
0
1
1
2
6
0
5
0
1
1
9
0
4
0
3
0
0
0
0
1
1
14
0
0
0
0
5
1
3
2
47
1
11
0
15
28
2
39
30
1
0
8
0
42
1
7
1
1
0
0
5
0
1
0
0
0
0
1
0
1
1
6
7
2
1
1
7
1
2
1
1
3
1
3
1
1
2
6
1
6
0
0
13
1
0
48
4
0
0
0
2
1
0
0
3
1
0
0
0
1
1
4
30
40
0
0
16
0
2
2
9
1
0
1
1
1
0
2
5
0
0
2
33
0
6
0
1
0
1
1
8
2
1
0
1
3
0
0
8
0
4
0
0
0
1
41
0
3
0
0
1
0
14
1
0
1
0
1
1
0
1
13
0
0
2
0
31
0
1
2
2
0
1
1
10
2
0
2
0
1
0
3
2
1
0
0
0
1
66
1
0
0
0
74
10
0
1
0
0
1
7
1
0
2
1
1
0
0
0
0
3
0
0
0
0
1
0
8
3
0
1
4
2
0
0
0
2
0
58
0
0
4
0
0
6
0
0
0
0
0
2
4
0
1
0
3
40
0
0
0
0
1
5
1
1
4
0
40
0
0
0
1
0
2
1
1
13
11
0
1
8
8
0
47
0
1
8
0
0
1
2
1
0
0
3
23
1
1
0
0
0
3
0
1
1
14
1
0
7
0
16
4
0
2
2
3
0
14
0
0
0
1
22
1
0
4
0
2
0
1
2
2
0
1
1
0
1
0
2
0
0
13
0
1
1
4
5
1
0
1
1
1
22
1
1
0
1
5
1
4
0
1
0
0
4
1
0
5
6
1
1
10
5
0
1
8
17
0
7
2
2
0
5
1
1
1
0
3
1
3
5
0
0
1
1
0
22
14
0
1
9
1
0
0
1
1
0
0
0
0
0
1
2
0
1
1
0
0
1
1
1
0
3
4
0
1
1
2
1
2
1
20
2
1
4
1
1
0
0
0
0
1
1
4
1
0
0
0
6
1
1
1
0
1
5
0
0
7
1
0
1
1
0
0
16
3
2
0
8
1
1
5
1
1
3
0
1
2
0
1
0
0
1
5
0
5
1
1
1
1
3
1
0
18
4
1
0
2
1
3
0
4
0
0
0
2
1
10
67
0
0
14
0
4
1
1
5
2
3
2
0
24
1
4
0
0
5
0
0
6
1
6
1
1
0
3
1
14
0
16
0
1
0
3
1
1
0
2
1
1
1
1
16
28
1
0
1
3
7
2
0
0
1
0
0
7
0
2
0
0
11
0
25
0
0
27
0
1
0
12
0
1
3
0
0
1
1
0
0
1
3
0
3
18
1
5
1
2
4
1
2
0
0
1
0
0
3
1
0
0
7
1
1
0
1
19
0
2
14
1
0
0
1
3
0
0
2
2
4
1
1
0
0
0
19
0
1
3
1
1
1
1
21
0
0
1
0
1
0
0
9
0
6
7
1
1
1
0
6
3
5
0
0
1
12
1
4
1
1
0
1
0
1
0
1
0
0
44
0
0
1
1
1
2
0
3
1
0
0
2
1
3
5
1
1
0
0
1
1
2
0
0
0
9
1
0
0
1
1
1
7
1
0
1
35
1
8
2
0
1
1
10
0
0
0
1
1
0
1
0
0
0
2
6
1
0
4
15
0
21
5
1
15
2
0
0
51
0
2
0
1
0
0
0
0
45
0
0
0
2
0
1
0
1
7
0
32
8
0
1
1
1
0
2
5
1
0
1
1
18
0
1
3
0
0
2
3
1
2
1
2
0
69
2
1
3
0
3
0
1
20
12
14
9
0
1
0
5
107
1
2
4
1
1
0
0
20
0
1
1
1
5
0
0
0
1
0
0
0
0
5
0
0
19
1
1
4
1
0
1
3
6
3
0
1
31
1
1
2
1
12
9
0
1
1
2
0
2
0
1
0
0
11
1
0
25
0
0
1
0
1
7
0
1
1
1
0
0
0
11
1
3
3
0
2
1
0
1
0
1
0
1
2
1
1
1
1
7
2
1
1
0
0
1
2
1
0
0
0
0
33
0
3
84
1
8
0
0
0
0
3
1
0
0
0
12
0
0
14
1
1
0
0
1
0
0
6
4
1
4
0
0
1
0
0
0
1
3
1
0
0
11
1
2
1
1
0
0
0
0
0
5
1
1
0
0
1
1
2
1
14
2
0
1
0
1
1
25
0
6
0
0
29
1
1
0
4
1
1
60
0
1
1
0
2
2
0
8
0
0
0
0
1
0
0
1
2
1
12
22
6
0
84
1
0
26
1
1
1
1
0
0
5
0
2
1
9
9
1
1
0
8
37
1
1
1
1
2
0
2
0
1
1
1
0
18
0
0
3
0
0
0
1
2
0
0
3
1
1
1
1
4
2
0
10
0
0
1
0
1
2
1
1
1
0
0
0
1
0
1
1
1
1
1
49
0
0
0
8
0
0
3
1
2
1
3
1
1
12
0
30
2
0
0
0
0
1
0
1
0
0
0
0
0
1
0
0
1
0
2
1
0
1
0
0
0
11
0
0
0
0
0
0
0
0
0
1
1
2
22
0
0
18
1
1
1
0
0
0
1
1
1
0
1
0
1
13
0
1
0
1
0
1
22
1
0
0
1
7
1
0
1
3
5
0
2
0
11
1
0
0
19
14
2
1
1
0
1
0
0
0
0
4
5
0
3
3
1
0
0
1
0
0
0
1
1
0
1
0
0
2
0
0
1
0
0
3
1
0
0
0
0
0
1
1
1
13
24
1
1
0
13
1
12
6
0
1
21
5
1
0
0
0
1
0
0
14
0
5
0
0
0
34
5
7
63
2
38
0
11
0
1
9
1
11
1
2
4
2
0
14
1
0
12
0
7
1
38
0
1
5
0
35
1
0
0
6
35
0
0
1
1
0
0
1
1
1
0
1
0
5
2
1
1
0
12
0
0
0
1
0
1
1
6
4
16
0
10
0
0
0
0
24
1
1
0
1
0
0
1
0
6
6
1
1
0
1
15
3
1
2
0
6
8
0
3
1
1
0
0
1
1
0
0
1
5
3
6
0
0
0
1
1
0
1
17
137
1
0
0
11
1

