0
5
0
0
0
5
1
1
2
1
1
1
1
55
0
1
0
1
1
2
1
1
0
0
0
1
0
1
0
0
30
1
15
58
1
2
1
1
1
3
1
1
1
1
48
1
1
2
6
5
6
0
2
0
0
0
45
1
1
1
0
1
1
1
0
1
1
1
0
2
0
0
14
1
0
5
30
7
0
1
1
1
3
3
0
1
0
0
1
1
1
5
0
1
17
1
0
1
0
0
0
0
0
0
5
2
12
0
5
0
0
3
0
21
10
0
1
1
13
0
1
1
0
2
0
0
76
0
0
3
10
0
11
1
1
9
0
0
0
0
1
0
4
1
1
2
11
6
1
2
6
2
0
43
0
2
6
0
1
0
1
1
0
1
0
0
2
29
6
3
1
1
1
0
2
0
0
2
13
0
1
0
1
4
0
1
0
4
0
5
0
7
2
0
29
1
13
0
1
11
1
0
0
2
0
16
0
1
8
1
0
1
21
0
8
1
0
0
1
0
0
1
11
2
5
23
0
2
2
1
0
0
0
0
0
4
0
1
2
1
1
0
3
0
0
0
1
6
1
1
0
0
7
0
0
6
1
0
0
1
1
0
1
1
0
4
0
3
1
1
0
7
0
2
0
1
0
0
0
1
1
13
20
0
0
0
0
2
1
2
5
28
1
5
0
11
29
0
38
22
1
0
6
0
31
0
10
3
1
0
0
7
0
1
0
1
0
0
0
0
5
1
5
7
3
1
1
4
1
3
1
1
3
1
3
1
1
4
4
1
3
0
0
19
1
0
64
3
0
0
0
3
1
0
0
2
1
0
0
0
1
1
3
16
35
0
0
8
0
2
2
6
1
0
1
1
1
0
6
3
0
0
2
18
0
4
0
1
0
1
5
7
1
2
0
1
4
0
0
4
0
4
0
0
0
1
44
0
3
0
0
1
0
16
0
0
1
1
3
1
0
0
11
0
0
3
0
26
0
1
2
6
1
1
1
17
2
0
2
0
1
0
3
1
1
1
0
0
1
53
1
0
0
0
70
14
0
1
0
1
1
9
1
1
1
1
1
0
0
0
0
5
0
0
0
1
1
0
8
10
0
1
3
2
0
0
0
2
0
55
0
0
3
0
0
5
1
0
0
1
0
2
2
0
1
0
3
41
0
0
0
0
0
4
1
1
1
0
52
0
0
0
1
0
3
0
0
7
9
0
1
6
1
0
28
0
1
3
0
0
1
1
1
0
0
3
27
1
1
0
0
0
5
0
1
3
11
0
0
14
0
12
8
0
1
2
4
0
17
0
2
1
1
28
1
0
4
0
2
0
1
0
2
0
0
1
0
1
0
2
0
0
5
0
1
1
3
6
1
0
1
0
1
15
2
1
0
0
2
1
4
1
1
0
2
2
1
0
5
3
1
1
7
5
1
1
5
10
0
11
2
2
0
2
0
1
1
0
1
1
1
3
0
0
1
0
0
13
15
0
0
10
1
0
0
1
1
0
0
0
0
0
1
2
1
1
1
0
0
1
1
1
0
3
4
0
1
1
3
1
1
1
14
2
8
4
1
1
0
0
0
0
1
1
8
1
0
0
1
3
1
1
1
0
1
3
1
1
4
1
0
1
0
0
0
15
1
3
0
5
1
1
3
1
1
2
0
1
1
0
1
0
0
1
14
0
1
0
4
1
1
1
0
0
11
2
1
0
2
1
2
0
10
0
0
0
2
0
8
91
0
0
11
1
3
1
1
8
0
2
2
0
17
1
2
0
0
3
0
0
4
1
5
1
1
0
2
1
9
0
16
0
1
0
3
1
1
0
1
1
1
1
3
17
35
1
2
1
3
7
2
0
0
1
1
0
4
0
1
0
0
7
0
16
0
0
38
0
1
0
9
0
0
3
0
0
1
0
0
0
1
5
0
3
19
1
3
1
1
4
1
1
0
0
2
0
0
3
1
0
0
3
1
1
0
1
13
0
2
21
6
1
1
0
2
0
0
7
1
2
1
1
0
0
1
22
0
1
2
1
2
0
1
18
0
0
3
0
1
0
0
3
0
2
12
1
0
1
0
4
1
5
0
0
1
7
1
4
1
1
0
1
0
1
1
1
0
0
27
0
0
1
1
1
1
0
0
1
0
0
1
1
2
4
1
1
0
0
1
1
2
0
0
0
8
1
0
0
1
1
1
7
1
0
1
39
1
5
2
0
1
1
9
0
0
0
1
1
0
1
0
0
0
2
4
1
0
4
13
0
12
3
1
17
1
0
0
53
0
1
0
1
0
1
0
0
51
0
0
0
1
0
1
0
1
6
0
26
13
0
1
1
1
0
2
5
0
0
1
1
16
0
1
0
0
0
5
5
1
2
1
2
0
37
4
1
3
0
4
0
1
21
10
9
13
0
1
0
6
112
1
2
3
1
1
0
0
15
0
1
0
1
3
0
0
0
0
0
0
0
0
5
0
0
12
1
0
2
1
0
0
2
6
3
0
1
31
1
1
1
1
17
6
0
0
1
0
0
1
0
1
0
0
6
1
2
12
0
0
1
0
1
5
0
0
1
1
0
0
0
8
1
3
1
0
1
0
0
1
0
1
0
1
4
1
2
1
1
7
2
1
1
0
1
0
2
1
0
0
0
0
20
0
1
89
1
9
0
0
0
0
4
1
0
2
0
11
0
0
14
0
1
0
0
1
0
0
5
4
1
3
0
0
1
0
0
0
1
1
1
0
0
5
0
2
1
3
0
1
0
0
0
4
1
1
0
0
1
1
1
1
11
2
0
1
0
1
1
33
0
4
0
0
19
1
1
0
2
1
4
53
0
1
1
0
2
1
0
2
0
0
0
0
1
0
0
0
2
1
24
28
3
0
92
1
0
47
1
1
1
1
0
0
1
0
2
1
22
9
1
1
1
12
30
1
1
1
1
1
0
1
0
0
1
1
0
16
0
0
1
0
0
0
0
1
0
0
3
0
1
1
1
1
2
0
6
1
0
1
0
1
1
1
1
1
0
0
0
1
0
1
0
1
1
1
51
0
0
0
21
1
0
2
1
1
1
1
1
1
14
0
16
1
0
0
0
0
1
1
1
0
0
0
0
0
1
0
0
1
0
3
1
0
1
0
0
0
6
0
2
0
0
0
0
0
0
0
1
0
1
12
0
0
12
1
1
0
0
0
0
0
0
1
0
1
0
1
7
0
1
1
1
0
3
28
1
0
0
0
5
1
0
1
3
5
0
2
0
13
1
0
0
14
18
2
1
1
0
1
1
0
0
0
3
2
0
3
3
1
0
0
1
0
1
0
1
1
1
3
0
0
1
0
0
1
0
0
1
1
0
0
0
0
0
1
1
1
13
18
1
1
0
20
1
14
3
0
1
24
3
1
0
0
0
1
0
0
15
0
2
0
0
0
23
3
3
55
2
22
1
15
0
1
6
1
11
1
0
8
1
1
8
1
0
15
0
13
1
26
0
1
5
0
20
1
0
0
3
35
0
0
1
1
0
0
1
1
1
0
1
0
8
1
1
1
0
10
0
0
0
1
0
1
1
4
2
27
0
6
0
0
0
0
20
1
1
0
1
0
1
1
0
9
5
1
1
0
1
13
1
1
2
0
11
9
0
2
1
1
0
0
1
1
0
0
0
3
1
9
1
0
0
1
1
0
0
28
126
1
0
0
7
1

