0
2
2
0
0
2
0
0
2
0
0
0
0
23
0
0
1
1
1
1
1
0
0
0
0
0
0
4
0
0
6
0
8
78
0
2
1
0
1
2
0
0
0
5
37
0
1
1
4
1
3
0
1
1
0
0
9
0
1
0
0
0
0
1
0
1
1
0
0
0
0
0
1
0
0
1
27
4
0
0
0
0
1
0
1
0
0
0
0
0
0
2
0
0
4
0
0
0
0
1
0
0
0
0
1
0
14
0
2
3
0
0
0
1
1
0
0
0
7
0
0
1
0
0
0
1
23
0
0
1
6
0
4
0
1
2
0
0
0
1
1
0
3
0
0
1
6
2
1
2
8
0
0
31
1
1
2
0
1
1
0
0
1
0
0
0
0
0
8
4
0
0
0
0
1
0
2
0
5
3
1
0
13
3
0
1
0
4
0
3
0
2
2
0
31
1
4
0
0
11
0
1
0
0
0
16
0
1
3
0
1
2
10
1
5
0
0
0
0
0
0
0
3
3
1
19
0
0
3
0
0
1
0
0
0
2
0
0
2
0
0
0
1
2
0
0
1
3
0
0
0
0
4
0
0
2
0
1
1
0
0
0
1
1
1
4
0
1
1
0
0
4
0
1
0
0
0
0
0
1
0
25
12
1
0
0
0
0
0
0
2
9
0
1
0
1
24
0
15
1
0
0
4
0
15
1
5
2
1
0
0
5
1
0
0
1
0
1
0
0
12
1
2
7
1
0
0
2
2
2
1
0
3
1
1
0
0
7
2
1
2
0
0
10
1
0
55
1
0
0
0
4
0
0
1
0
1
0
0
0
0
0
0
7
18
0
0
1
0
1
0
2
1
0
0
0
0
0
1
1
0
0
1
4
0
1
0
0
0
1
7
1
0
3
0
0
7
1
1
1
0
0
0
0
1
0
33
0
0
0
0
0
0
4
1
0
0
2
1
0
1
0
1
1
0
6
0
16
0
0
2
7
1
0
1
21
1
0
0
0
1
1
0
1
0
0
0
0
0
5
1
0
0
0
50
10
0
0
0
1
0
7
0
2
0
0
2
0
0
0
0
1
0
0
0
1
0
0
6
5
0
0
3
0
0
0
0
0
0
66
0
0
2
1
0
0
1
0
0
1
0
1
1
0
1
0
0
32
0
0
1
0
0
1
0
0
0
0
22
0
0
0
0
0
1
0
0
3
6
0
1
1
1
0
12
0
1
0
0
0
0
0
1
0
0
1
30
1
1
0
1
0
1
0
1
2
1
1
0
13
0
4
1
0
0
0
7
0
12
0
3
0
1
1
1
0
4
0
2
0
0
0
0
0
1
0
0
0
0
1
0
0
2
1
0
0
1
3
0
0
0
0
0
8
1
0
0
1
1
0
0
1
0
0
2
1
0
0
0
0
0
0
3
4
1
0
3
3
0
8
0
2
0
1
0
0
1
0
1
0
1
2
0
0
0
1
0
6
13
0
0
0
0
0
0
0
1
0
0
0
1
0
1
5
1
0
1
0
0
1
0
0
0
0
4
0
1
1
11
0
1
0
10
0
7
0
1
0
1
0
0
0
0
0
4
0
0
0
0
2
1
1
0
0
0
1
1
2
1
1
0
0
0
0
0
19
1
3
0
2
1
1
1
0
0
0
0
0
3
0
0
0
1
0
4
2
1
2
4
0
0
1
1
0
3
1
1
0
1
0
0
0
9
0
0
1
0
0
4
90
0
0
5
1
2
0
1
7
0
0
0
0
7
1
0
0
0
1
0
0
1
0
3
0
0
1
1
1
3
0
9
0
0
0
0
1
3
0
1
0
1
0
3
19
10
0
3
0
3
9
0
0
0
1
0
0
1
0
0
0
0
4
1
7
0
0
1
0
0
0
8
0
1
3
0
0
0
2
0
0
0
5
0
0
11
0
1
0
1
0
0
1
0
0
0
1
0
0
0
0
0
0
0
0
1
0
4
1
0
6
4
1
1
1
2
0
0
3
1
3
0
0
0
1
1
27
0
2
1
1
3
1
1
22
0
0
0
0
0
0
0
1
0
0
0
0
0
0
0
1
0
5
0
0
0
3
0
3
0
1
0
0
0
0
1
1
0
0
3
0
0
1
1
0
1
0
1
0
0
0
1
0
2
2
0
1
0
0
0
0
2
0
1
1
2
0
0
0
0
0
1
0
0
1
0
5
0
1
0
0
1
0
7
0
0
0
1
1
0
0
0
0
0
1
2
0
0
1
12
0
7
3
0
1
0
0
0
5
0
1
1
1
0
1
0
0
41
0
1
0
1
0
0
0
0
2
0
9
3
0
0
6
0
0
0
1
0
0
0
1
7
0
0
1
0
0
6
0
0
1
2
1
4
12
1
0
3
0
1
0
0
0
12
4
14
0
1
0
6
6
1
1
1
1
0
0
1
1
0
1
0
0
1
0
0
0
0
0
0
1
0
2
0
0
1
0
1
0
0
0
1
1
6
0
0
0
18
0
0
1
0
1
6
0
0
1
0
0
0
1
1
0
0
2
1
1
0
0
0
1
0
0
3
0
1
0
1
1
1
0
4
0
0
0
0
1
0
0
1
0
0
0
2
5
0
7
0
1
5
0
1
0
0
0
1
0
0
0
1
0
0
8
0
0
83
0
7
0
0
0
1
15
0
0
4
1
6
0
0
7
0
1
0
0
2
0
0
6
0
1
2
0
0
0
0
0
0
0
0
0
0
0
1
0
0
0
4
0
1
0
0
1
1
1
0
0
0
1
1
1
0
2
0
0
0
0
0
0
1
0
2
0
0
16
1
0
0
0
0
4
28
0
0
0
0
0
1
0
0
0
0
0
0
0
0
0
1
0
1
16
4
0
0
86
0
0
1
1
1
0
0
0
0
1
0
3
0
17
3
1
1
0
4
15
1
1
0
0
1
0
0
0
1
1
0
0
13
0
0
0
0
1
0
1
1
0
0
3
1
0
1
2
1
3
0
3
1
0
0
0
0
0
0
0
0
0
0
0
0
1
0
1
0
1
1
15
0
0
0
25
1
0
2
0
0
0
1
0
0
1
0
8
1
0
0
0
0
1
4
0
0
0
0
0
0
1
0
0
0
0
1
0
0
0
0
1
0
2
0
2
0
0
0
0
0
1
0
0
0
0
4
0
0
3
0
0
0
0
0
0
0
1
0
0
0
1
0
2
1
1
0
0
0
0
2
0
0
0
8
2
0
0
1
1
0
0
0
0
7
0
0
0
0
1
3
0
0
0
0
1
1
0
0
2
1
0
1
0
13
0
0
0
0
1
1
1
0
1
6
0
0
0
0
0
0
0
0
1
0
0
0
0
1
0
0
0
8
19
8
0
0
0
3
0
1
0
1
0
6
1
0
0
0
1
4
0
1
18
0
1
0
2
0
5
0
1
3
1
8
3
13
0
0
2
0
6
10
0
5
1
1
3
2
0
15
0
13
0
6
0
0
0
0
9
0
0
0
0
3
0
1
1
1
0
0
1
0
0
0
0
1
6
0
0
0
0
6
0
0
0
1
0
1
0
2
1
1
0
1
0
0
0
0
7
0
0
0
0
0
1
0
0
1
7
0
0
0
1
4
0
0
1
0
12
2
0
1
0
0
0
0
0
0
0
0
1
1
0
6
1
0
0
1
0
1
0
1
11
0
0
1
3
0

