0
7
1
0
0
23
0
1
8
1
1
1
1
23
0
1
2
0
1
0
1
1
0
0
0
5
0
1
0
0
31
1
1
65
1
0
1
1
2
7
1
1
1
1
68
1
3
2
10
12
8
0
0
0
1
0
54
1
5
1
0
1
1
0
0
0
1
1
0
8
0
0
1
1
0
0
11
8
0
1
1
1
1
4
0
1
0
0
5
2
1
4
0
1
13
1
0
1
0
0
0
2
0
0
0
2
20
1
8
1
0
10
0
1
2
0
1
3
1
1
1
0
0
3
1
0
31
0
0
1
10
0
11
1
1
1
0
0
0
4
1
0
9
1
1
1
9
11
1
2
0
8
0
38
0
3
9
2
0
0
1
1
0
1
0
0
7
16
1
0
1
1
1
0
5
0
0
4
27
0
6
1
1
6
0
6
0
2
0
9
0
14
2
0
22
0
5
0
1
10
2
0
0
2
0
5
0
1
20
3
0
1
19
0
15
2
0
0
1
0
0
1
4
0
12
16
0
2
0
1
0
0
0
0
0
9
0
1
1
1
1
0
12
0
0
0
1
6
1
1
0
0
13
0
0
12
2
1
0
1
1
0
1
0
7
7
0
7
2
1
4
8
0
7
0
6
0
0
0
0
1
1
9
0
0
0
0
5
1
4
1
53
1
17
0
17
19
6
42
34
1
0
8
0
60
1
3
0
0
0
0
2
0
1
0
0
0
0
2
0
1
1
3
7
2
1
1
9
1
1
1
1
3
1
4
1
1
2
5
1
6
0
0
9
1
0
38
7
0
0
0
1
1
0
0
4
1
0
0
0
1
1
5
35
42
0
0
14
0
4
2
12
1
0
1
1
1
0
1
6
0
0
2
43
0
8
0
1
0
1
1
8
5
1
0
1
2
0
0
10
0
4
0
0
0
1
34
0
3
0
0
1
0
8
1
0
1
1
0
1
0
1
15
0
0
3
0
26
0
1
2
1
1
1
1
5
2
0
1
0
1
0
3
4
1
0
0
0
1
77
1
0
0
0
79
3
0
1
0
0
1
3
1
1
3
1
2
0
0
0
0
1
0
0
0
0
1
0
6
1
0
0
6
2
0
0
0
2
0
51
0
0
5
0
0
6
0
0
0
0
0
2
4
0
1
0
3
37
0
0
0
0
1
8
1
1
7
0
35
0
0
0
1
2
1
3
2
15
11
0
0
8
17
0
55
1
2
11
0
0
1
4
1
0
0
3
17
0
1
0
0
0
3
0
1
1
11
1
0
2
0
19
2
0
7
2
3
0
7
0
1
0
1
22
1
0
4
0
2
0
1
5
2
0
2
1
0
2
0
3
0
0
27
1
1
1
4
5
1
0
1
0
1
23
0
1
0
1
5
1
4
0
1
0
1
5
1
0
5
10
1
1
10
1
0
1
8
15
0
3
2
2
0
7
1
1
1
0
8
1
4
5
0
0
1
0
0
24
11
0
4
7
1
0
0
1
1
0
0
0
1
0
1
2
0
1
2
0
0
2
1
2
0
4
2
0
1
2
3
1
3
1
17
2
1
4
1
1
1
0
0
0
1
1
2
2
0
0
0
7
1
1
1
0
0
6
0
1
7
1
0
1
3
0
0
10
8
0
0
10
1
1
6
1
1
4
0
1
2
0
1
0
0
1
1
0
5
1
1
1
1
5
1
0
21
6
1
0
2
1
8
0
0
0
2
2
2
2
9
63
0
0
15
0
6
1
1
2
5
5
2
0
20
1
7
0
0
5
0
0
2
1
2
1
2
0
2
1
16
1
15
0
1
0
3
1
1
0
6
1
1
1
0
12
16
1
1
1
3
6
2
0
0
0
1
0
10
0
5
0
1
14
0
24
0
0
17
0
1
0
12
0
0
3
2
1
1
1
0
0
1
2
0
3
17
1
6
1
4
4
1
2
0
0
1
0
0
3
1
0
0
10
1
1
2
2
20
0
2
2
1
1
1
5
5
0
0
1
3
4
1
1
0
0
0
19
0
1
4
1
0
1
1
16
0
0
1
0
1
0
0
15
0
8
4
1
3
1
0
8
6
6
0
0
1
12
1
4
1
2
0
1
0
1
1
1
0
0
50
0
2
4
1
1
2
0
6
1
0
0
5
1
6
4
2
1
0
0
1
1
2
0
2
0
9
1
1
0
1
1
1
7
1
1
1
27
1
9
2
0
1
1
11
0
0
0
1
3
0
1
0
0
0
2
7
1
0
4
17
0
18
9
1
14
5
0
0
49
0
1
0
0
0
0
0
1
46
0
0
0
3
0
1
0
1
6
0
32
3
0
1
0
1
1
2
8
3
0
1
1
17
0
1
10
0
0
1
5
1
2
1
1
0
93
1
1
3
0
4
0
1
22
10
17
5
0
1
0
3
100
2
1
4
2
1
0
0
27
1
1
2
1
6
0
0
0
0
0
0
0
0
4
0
0
19
1
2
7
1
0
2
3
6
3
0
1
29
1
1
3
1
7
10
0
0
1
8
0
5
0
1
0
1
15
1
1
37
0
0
1
0
1
7
0
3
1
1
0
0
0
9
1
3
5
2
5
3
0
1
0
1
0
2
1
1
5
1
1
8
2
1
1
0
0
2
2
0
0
0
0
0
43
0
3
66
1
3
0
0
0
0
3
1
0
1
0
9
0
0
16
1
1
0
0
1
0
0
6
4
1
5
0
0
1
0
0
0
1
7
2
0
1
19
0
2
1
0
0
0
0
0
0
7
1
2
0
0
1
0
2
1
12
2
0
1
0
1
1
17
0
6
0
0
33
1
1
0
8
1
1
50
0
1
2
0
2
3
0
27
0
0
0
0
1
0
0
0
2
1
2
16
11
0
74
1
0
9
0
1
1
1
0
0
12
0
3
1
4
9
0
1
1
3
46
1
0
1
1
3
0
4
0
1
1
1
0
15
0
0
5
0
0
0
1
1
0
0
3
1
1
1
1
13
2
0
11
0
1
1
0
1
2
1
1
1
0
0
0
1
0
1
3
1
1
1
50
0
0
0
1
0
0
2
1
6
2
7
1
1
10
0
39
2
0
0
0
1
1
1
1
0
0
0
0
0
0
1
0
0
0
3
1
0
1
0
0
0
13
0
0
0
0
0
0
1
0
1
1
2
4
18
0
0
22
1
1
2
1
0
0
2
1
1
0
1
0
1
22
0
1
1
1
0
3
22
1
0
1
1
9
1
0
2
3
5
0
2
0
11
1
0
0
18
17
2
1
1
0
1
1
0
0
0
3
6
0
3
3
1
0
0
1
0
0
0
0
1
1
1
0
0
5
0
0
1
0
0
6
1
0
0
0
0
0
1
1
1
9
22
1
1
0
11
1
16
12
0
1
32
7
1
0
0
0
0
0
0
10
0
5
0
0
0
44
8
12
67
3
38
1
8
0
1
11
1
4
1
4
1
3
1
16
1
0
7
0
2
1
43
0
1
5
0
47
1
0
0
12
26
0
1
1
1
0
0
1
1
3
0
1
0
3
5
1
1
0
12
0
0
0
1
0
3
1
7
5
11
0
13
0
0
1
0
36
1
1
0
1
0
1
1
0
6
5
1
1
0
2
13
6
1
3
0
1
6
0
5
1
1
0
0
1
1
0
0
0
5
5
4
0
0
0
1
1
0
2
8
142
1
0
0
14
1

