3
3
19
19
19
21
18
17
17
14
12
8
8
7
10
8
7
7
7
7
7
7
7
7
6
5
5
8
10
7
5
10
10
9
9
8
5
8
8
0
0
0
3
7
9
9
9
1
1
0
2
2
19
15
17
16
15
15
11
10
8
7
7
6
5
6
3
3
3
3
3
3
5
5
5
11
9
9
9
5
8
9
8
8
6
6
6
4
4
5
4
4
4
4
3
3
2
2
3
2
8
4
4
4
4
0
0
1
3
3
6
4
15
15
15
11
11
14
14
11
11
11
9
4
5
2
6
8
5
0
5
5
5
6
6
8
8
9
9
16
14
13
13
0
0
0
0
0
0
0
0
0
9
9
11
18
15
15
14
14
14
14
14
14
13
12
11
7
6
9
8
7
5
8
6
5
8
5
3
3
0
8
0
3
4
4
4
4
4
3
3
3
2
2
2
2
2
1
1
4
3
3
3
3
3
2
6
6
6
4
3
1
1
5
5
5
5
5
4
4
0
0
2
2
3
3
0
0
0
0
3
3
3
3
3
3
3
16
16
16
10
10
7
7
7
6
5
4
4
4
4
5
0
0
0
6
6
5
5
11
12
12
12
18
13
13
12
12
11
10
10
10
11
11
11
10
9
9
7
5
7
7
8
8
10
8
10
10
7
11
11
11
8
13
13
13
12
14
13
13
12
8
0
0
0
0
0
8
4
5
5
5
5
5
5
5
3
7
5
7
4
3
3
3
3
3
3
3
2
3
2
2
2
2
3
7
7
7
0
0
0
0
0
1
1
1
1
1
1
1
6
6
6
6
6
4
4
5
5
5
5
5
4
4
4
4
3
3
10
10
7
11
10
19
17
17
17
17
13
11
10
7
7
5
0
14
13
22
22
25
25
26
0
10
10
9
11
11
14
12
12
11
11
9
8
8
2
2
6
4
10
9
9
10
6
5
4
3
2
1
1
1
16
16
16
16
17
17
17
17
12
12
15
14
10
13
11
10
10
6
6
8
7
5
4
4
4
5
4
4
4
4
2
3
3
2
2
9
9
10
9
9
12
10
10
6
9
9
8
10
9
7
5
5
4
4
3
2
8
6
12
8
8
8
8
8
7
6
6
9
4
3
6
5
2
9
9
9
9
6
7
6
6
5
4
4
2
2
2
2
0
2
2
3
3
3
3
3
3
2
1
1
1
1
2
0
0
0
1
0
2
1
3
4
0
6
0
2
2
6
3
1
1
0
0
1
0
6
6
0
1
1
2
1
1
0
0
0
1
0
3
3
1
0
0
2
0
4
1
5
2
1
0
2
3
0
0
4
0
0
0
1
0
3
5
1
2
1
0
1
0
5
2
1
1
0
0
2
0
6
0
0
0
0
0
0
1
2
0
0
0
0
0
0
0
0
3
0
1
0
7
1
2
1
0
1
0
0
3
0
0
0
0
1
3
0
0
5
0
0
10
0
2
1
0
1
6
1
1
0
