0
1
0
0
0
0
2
0
2
0
0
0
0
13
0
0
0
0
0
1
2
0
0
0
0
0
0
4
0
0
6
0
8
70
0
1
1
0
0
2
0
0
0
0
21
0
0
1
4
0
2
0
0
0
0
0
36
0
0
0
0
0
0
0
0
10
1
0
0
0
0
0
0
0
0
0
21
2
0
0
0
0
0
0
0
0
0
0
0
0
0
0
0
0
7
0
0
0
0
1
0
0
0
0
1
0
17
0
0
2
0
0
0
0
0
0
0
0
8
0
0
0
0
0
0
3
0
0
0
0
1
0
0
0
0
0
0
0
0
0
0
0
3
0
0
0
2
0
1
2
7
0
0
31
0
0
0
0
0
0
0
0
0
0
0
0
0
0
9
2
0
0
0
0
1
0
1
0
0
3
1
0
19
2
0
2
0
2
0
1
0
0
2
0
26
0
11
0
0
10
0
0
0
0
0
10
0
0
0
0
0
2
2
0
3
0
0
0
0
0
0
0
0
2
0
7
0
0
3
0
0
1
0
0
0
0
0
0
0
0
0
0
0
5
0
0
1
1
0
0
0
0
2
0
0
0
0
0
0
0
0
0
0
0
0
4
0
0
1
0
0
2
0
0
0
0
0
0
0
1
0
38
7
0
0
0
0
0
0
0
1
7
0
0
0
2
21
0
9
0
0
0
2
0
3
0
2
1
0
0
0
1
0
0
0
0
0
0
0
0
22
1
0
7
1
0
0
0
2
1
0
0
3
0
0
0
0
6
0
0
0
0
0
9
1
0
52
1
0
0
0
4
0
0
0
0
1
0
0
0
0
0
0
0
11
0
0
4
0
1
0
0
0
0
0
0
0
0
1
0
0
0
1
0
0
0
0
0
0
1
4
0
0
5
0
0
9
0
1
0
0
0
0
0
1
0
28
0
0
0
0
0
0
0
4
0
0
3
0
0
1
0
0
0
0
6
0
4
0
0
2
6
0
0
1
14
1
0
0
0
0
0
0
1
0
6
0
0
0
0
1
0
0
0
51
5
0
1
0
0
0
2
0
1
0
0
2
0
0
0
0
2
0
0
0
3
0
0
5
2
0
1
3
0
0
0
0
0
0
65
0
0
4
0
0
0
0
0
0
0
0
0
0
0
0
0
0
33
0
0
0
0
0
0
0
0
0
0
17
0
0
0
0
0
0
0
0
0
4
0
0
2
0
0
3
0
0
0
0
0
0
0
0
0
0
0
26
0
1
0
1
0
0
0
1
0
0
0
0
9
0
0
0
0
0
0
10
0
7
0
4
0
0
0
0
0
4
0
2
0
0
0
0
0
0
0
0
0
0
0
0
0
0
1
0
0
0
0
0
0
0
0
0
4
0
0
0
0
0
0
0
0
0
0
4
0
0
0
0
0
0
0
1
1
1
0
2
0
0
3
0
2
0
0
0
0
1
0
0
0
0
1
0
0
0
0
0
0
10
0
0
0
0
0
0
0
1
0
0
0
0
0
0
5
0
0
1
0
0
0
0
0
0
0
3
0
1
1
23
0
0
0
8
0
0
0
0
0
0
0
0
0
0
0
4
0
0
0
2
0
0
0
0
0
0
0
0
2
0
1
0
0
0
0
0
15
0
2
0
0
1
0
0
0
0
0
0
0
0
0
0
0
0
0
0
2
0
4
0
0
0
0
0
0
0
0
0
0
1
0
0
0
8
0
0
4
0
0
1
77
0
0
3
0
1
0
1
4
0
0
0
0
0
1
0
0
0
0
0
0
0
0
1
0
0
0
0
0
0
0
7
0
0
0
0
0
10
0
0
0
1
0
3
16
0
0
2
0
3
8
0
0
0
0
0
0
0
0
0
0
0
3
0
2
0
0
0
0
0
0
0
0
0
3
0
0
0
0
0
0
0
6
0
0
18
0
0
0
1
0
0
1
0
0
0
1
0
0
0
0
0
0
0
0
0
0
1
0
0
0
0
0
0
0
1
0
0
0
0
2
0
0
0
0
0
28
0
2
1
1
3
0
1
20
0
0
0
0
0
0
0
0
0
0
0
0
0
0
0
8
0
6
0
0
0
0
0
3
0
2
0
0
0
0
0
1
0
0
0
0
0
0
1
0
0
0
0
0
0
0
2
0
2
1
0
0
0
0
0
0
2
0
3
1
0
0
0
0
0
0
1
0
0
0
0
0
0
0
0
0
4
0
10
0
0
0
0
0
0
0
0
0
0
1
1
0
0
1
14
0
2
3
0
0
0
0
0
0
0
0
1
0
0
0
0
0
32
0
0
0
0
0
0
0
0
0
0
2
0
0
0
20
0
0
0
1
0
0
0
0
0
0
0
0
0
0
5
0
0
1
13
0
4
0
0
0
3
0
0
0
0
9
13
1
9
0
0
0
2
0
0
0
0
1
0
0
0
0
0
2
0
0
0
0
0
0
0
0
0
0
0
0
0
0
0
0
2
0
0
0
0
0
4
0
0
0
15
0
0
0
0
0
4
0
0
0
0
0
0
1
0
0
0
0
0
0
0
0
0
1
0
0
2
0
0
0
0
1
1
0
0
0
0
0
0
0
0
0
0
0
0
0
3
7
0
10
0
0
5
0
1
0
0
0
0
0
0
0
0
0
0
0
0
0
67
0
3
0
0
0
1
20
1
0
10
0
3
0
0
3
0
0
0
0
2
0
0
6
0
1
1
0
0
0
0
0
0
0
0
2
0
0
0
0
0
0
5
0
0
0
0
1
0
1
0
0
0
1
0
0
0
0
0
0
0
0
0
0
0
0
1
0
0
16
1
0
0
0
0
3
19
0
0
0
0
0
1
0
0
0
0
0
0
0
0
0
0
0
1
12
0
0
0
58
0
0
0
0
1
0
0
0
0
0
0
7
0
9
3
3
1
0
0
9
1
0
0
0
0
0
0
0
0
0
0
0
13
0
0
0
0
1
0
0
0
0
0
3
2
0
1
2
0
3
0
1
3
0
0
0
0
0
0
0
15
0
0
0
0
0
0
0
0
1
1
5
0
0
0
27
0
0
1
0
0
0
0
0
0
0
0
4
0
0
0
0
0
1
2
0
0
0
0
0
0
0
0
0
0
0
0
0
0
0
0
0
0
0
0
2
0
0
0
0
0
1
0
0
0
0
0
2
0
0
0
0
0
0
0
0
0
0
0
0
0
0
0
0
1
1
0
0
0
0
0
0
0
0
4
3
0
0
1
1
1
0
0
0
7
0
0
0
1
0
2
0
0
0
0
0
0
0
0
0
0
0
0
0
0
0
0
0
0
4
0
0
0
0
5
0
0
0
0
0
0
0
0
1
0
0
0
0
0
0
0
0
19
21
1
0
0
0
0
0
0
0
0
0
0
0
0
0
0
1
5
0
0
14
0
0
0
2
0
0
0
0
0
0
0
10
15
0
0
0
0
0
9
0
1
1
0
1
4
0
9
0
13
0
0
0
0
0
0
2
0
0
0
0
0
0
0
0
1
0
0
0
0
2
0
0
0
7
0
0
0
0
3
0
0
0
0
0
0
0
1
0
0
0
0
0
0
0
0
10
0
0
0
0
0
0
0
0
0
10
0
0
0
1
0
0
0
0
0
13
2
0
1
0
0
0
0
0
0
0
0
0
0
0
3
0
0
0
1
0
0
0
0
14
0
0
1
1
0
