0
0
26
9
5
13
12
11
11
10
8
5
3
2
3
2
11
9
7
5
4
3
3
1
1
1
0
10
14
11
10
29
25
16
11
7
5
33
39
0
0
0
21
13
12
9
5
1
1
0
12
0
141
65
44
21
9
14
10
8
7
7
6
3
2
7
5
3
2
2
0
0
9
2
0
11
5
0
0
2
9
13
11
10
17
17
13
22
19
24
19
20
20
13
12
12
1
1
15
14
11
7
6
0
0
8
4
14
27
21
20
17
28
19
17
10
3
19
17
11
6
5
2
0
3
3
14
14
1
0
15
13
10
3
3
11
8
10
10
28
17
7
4
0
0
0
0
0
0
0
0
0
13
0
4
30
19
8
0
0
4
2
2
2
2
1
0
0
0
21
19
12
0
8
0
0
9
0
0
0
0
20
0
11
14
12
2
2
5
5
4
3
0
0
0
0
0
1
1
63
52
46
41
27
15
0
1
0
0
0
0
0
0
35
29
24
22
17
14
14
10
9
41
27
35
31
5
4
4
0
1
1
0
0
0
0
0
20
14
13
6
0
0
0
0
0
0
0
0
0
0
8
0
0
0
15
11
8
5
9
13
13
10
21
10
7
2
2
1
1
0
0
9
9
9
9
8
5
4
2
12
8
11
9
18
10
10
21
12
21
18
10
8
12
8
6
4
11
9
6
10
5
16
10
7
1
0
89
51
49
44
8
7
13
11
8
6
71
53
52
25
20
7
6
5
3
2
0
0
3
3
3
3
3
14
22
21
9
33
29
22
17
13
15
15
10
8
11
11
9
13
10
7
2
0
0
0
0
0
0
6
5
2
2
1
1
0
0
15
9
2
21
17
42
25
16
7
4
3
3
0
0
0
0
0
157
132
246
177
143
93
55
13
20
17
10
21
19
30
22
20
7
7
15
20
16
13
8
13
4
4
2
2
8
7
7
13
12
8
5
1
0
20
15
7
2
5
3
2
2
2
2
10
8
7
14
8
8
8
3
2
9
9
9
8
4
2
4
3
1
3
3
1
13
9
7
7
11
6
7
5
0
31
20
15
12
44
11
9
14
14
10
17
15
4
3
2
1
8
4
15
10
7
5
2
0
0
0
0
6
6
6
7
6
0
4
4
3
2
1
13
10
6
3
0
0
0
0
1
1
0
5
4
3
0
0
0
0
0
0
0
0
0
0
3
1
0
0
0
35
0
0
3
13
6
8
0
7
5
0
0
4
0
0
0
9
0
15
6
1
5
0
0
0
8
0
0
0
0
0
0
0
5
0
0
8
0
0
0
23
6
0
1
15
0
5
0
5
0
0
1
0
0
0
5
15
4
0
0
0
8
73
9
8
6
0
0
14
3
16
0
3
3
0
0
0
13
5
1
0
10
4
0
2
0
1
7
0
3
0
7
0
0
0
0
0
0
0
4
10
7
0
0
1
3
8
0
0
39
22
14
0
0
7
0
5
0
0
6
10
