89
89
290
221
221
315
233
213
232
170
168
150
147
142
196
150
191
190
183
180
183
173
166
156
150
138
126
191
236
216
215
329
307
295
285
270
226
146
255
103
98
54
145
149
194
187
185
210
208
153
178
118
463
411
422
299
291
309
299
294
278
271
154
155
152
157
92
91
86
75
71
71
124
46
47
70
27
32
32
170
212
250
233
234
273
272
269
271
268
283
262
272
271
264
262
260
206
171
217
149
203
167
166
156
150
190
176
215
252
245
237
223
376
244
243
289
261
356
356
263
168
166
165
150
175
134
110
243
213
0
71
69
234
236
224
216
155
115
113
210
198
180
181
155
153
146
140
134
130
126
65
65
226
54
163
212
198
204
210
201
228
225
219
217
205
202
190
183
74
170
168
170
99
209
162
161
207
13
0
0
49
252
104
80
154
153
114
108
118
116
116
110
95
89
82
79
77
71
64
311
283
280
281
272
199
90
165
164
157
116
112
96
85
260
259
255
251
249
225
224
214
208
259
239
278
276
69
70
70
69
200
197
192
188
68
64
166
256
254
251
196
199
130
121
102
135
132
127
125
114
110
110
0
110
109
184
184
160
131
135
160
93
92
188
130
127
164
161
153
111
39
39
70
68
64
62
63
62
54
54
137
137
122
118
148
69
70
281
244
321
319
142
138
189
189
187
163
212
194
187
212
212
242
294
291
287
187
590
344
338
332
137
135
293
287
277
187
253
148
190
146
147
254
249
236
227
222
103
96
129
105
101
98
95
157
236
232
56
330
328
320
244
238
240
232
226
223
269
241
226
297
290
289
153
142
17
146
156
140
86
117
107
120
114
109
107
104
96
183
186
97
241
194
391
404
429
342
260
217
237
139
133
125
121
92
635
570
953
892
996
742
767
505
786
776
693
576
556
598
471
448
288
279
332
338
334
279
276
308
178
297
158
158
171
144
140
150
150
147
122
125
121
218
220
220
212
244
245
238
236
194
192
233
204
202
270
111
106
223
101
98
226
216
210
210
179
178
184
170
163
167
110
99
180
177
163
157
266
264
338
318
186
291
218
260
237
285
207
199
337
234
153
336
327
128
122
119
94
330
212
291
230
211
206
198
183
158
155
152
144
16
16
128
125
0
68
64
60
58
29
73
73
74
109
104
11
8
7
29
118
46
116
111
136
28
26
32
30
30
14
14
18
12
11
47
49
13
60
0
177
79
3
37
82
172
56
14
51
156
58
64
9
28
0
0
3
0
81
51
43
29
39
9
38
39
12
11
29
0
8
30
39
81
14
51
13
19
19
0
104
35
53
71
98
75
28
57
56
38
0
10
9
8
37
175
99
52
40
0
18
54
147
95
116
7
60
10
55
80
19
47
10
12
0
31
22
35
114
113
20
171
51
26
130
0
21
77
25
12
53
113
74
20
84
22
102
16
13
119
170
44
49
4
9
85
84
0
25
60
242
289
54
238
149
0
31
51
128
16
11
