65
59
250
130
122
170
120
99
100
68
63
47
43
37
87
66
99
95
82
77
70
66
59
54
49
42
26
61
80
73
66
126
121
102
96
86
73
79
114
1
0
0
45
69
107
95
95
116
103
72
85
46
208
134
137
81
79
82
82
77
66
63
35
33
31
44
29
31
31
25
23
22
67
47
46
115
71
71
61
50
104
121
118
114
125
120
105
93
90
97
81
83
83
72
66
59
31
25
59
54
102
83
82
65
58
51
48
59
76
70
66
55
163
135
131
126
101
129
129
78
46
44
42
32
51
37
71
98
61
0
69
66
82
76
66
68
57
44
40
127
99
103
103
80
73
58
49
47
42
37
21
15
107
3
20
231
182
180
171
154
142
132
111
95
74
62
48
36
8
87
83
87
42
80
58
53
91
0
0
0
21
106
1
32
101
97
74
65
64
59
56
48
39
29
22
19
13
19
14
131
119
115
113
100
68
28
62
57
50
24
19
12
4
80
82
80
78
79
79
72
67
62
95
93
111
109
21
22
22
20
126
118
110
103
31
22
57
151
138
126
98
92
70
62
72
95
94
86
76
61
54
60
0
39
37
93
86
78
70
119
139
59
58
152
124
113
128
116
94
50
18
16
23
22
22
19
17
16
16
16
105
96
135
126
137
50
48
114
92
117
106
46
41
62
63
56
47
60
60
55
54
48
90
112
111
96
47
183
110
99
96
18
16
64
65
64
49
110
83
103
84
77
97
90
83
73
70
19
16
24
18
16
13
12
24
89
85
30
96
94
82
56
56
53
51
50
49
67
49
46
84
78
76
24
22
28
83
86
55
25
42
36
48
43
38
33
31
27
89
86
31
141
91
212
184
154
125
99
89
89
50
43
36
24
16
192
180
323
293
340
233
224
196
273
259
233
226
209
227
177
153
92
73
80
69
63
50
49
89
24
39
38
30
50
44
39
53
54
53
43
42
33
207
197
194
176
162
151
136
134
101
92
95
73
63
120
24
19
50
20
19
71
63
53
48
42
35
40
37
36
36
34
28
85
78
70
65
125
115
107
95
53
92
75
93
91
128
80
67
106
70
38
74
70
32
30
29
22
123
87
151
140
117
102
86
72
53
41
35
57
4
4
47
44
0
7
4
4
5
6
35
36
34
32
30
3
1
1
9
27
9
52
45
42
1
1
1
1
0
0
0
1
0
0
37
31
12
34
0
67
8
11
14
33
49
29
2
15
40
9
7
36
13
0
0
11
0
64
59
1
27
36
0
7
20
0
2
0
0
0
20
12
18
0
6
4
0
33
0
83
8
8
104
61
25
16
12
61
14
0
6
0
4
1
56
37
46
1
0
0
21
94
28
39
15
13
1
45
17
70
37
7
1
0
17
0
19
45
39
4
49
22
14
48
0
8
70
7
6
2
68
18
0
26
6
30
5
0
34
96
31
28
1
7
43
26
0
2
32
91
88
9
73
53
0
9
13
0
23
17
