33
30
134
58
51
74
49
46
50
36
29
24
24
21
44
36
40
39
34
31
35
35
31
30
27
27
20
34
54
49
43
52
50
45
44
44
42
39
37
1
0
0
28
26
44
39
41
41
38
34
42
22
128
82
87
57
60
59
63
63
60
57
30
30
28
32
16
18
17
12
14
14
32
21
23
46
24
24
17
39
42
57
55
54
51
51
47
42
42
45
47
49
49
53
50
46
30
23
23
21
27
18
17
20
20
34
38
39
49
46
42
36
62
44
43
54
57
69
71
39
24
24
25
21
29
19
29
44
52
0
22
20
41
39
33
32
23
19
19
60
36
42
44
33
31
29
29
28
28
26
16
15
38
3
13
76
68
76
82
76
70
67
61
59
49
47
37
32
4
62
59
63
23
28
23
23
36
0
0
0
21
44
2
15
67
60
35
34
34
31
30
29
26
21
17
16
12
12
9
63
52
50
51
47
33
18
32
32
31
17
14
7
3
23
27
26
25
28
30
30
32
33
35
49
61
62
16
17
16
19
86
78
71
65
19
10
25
22
23
22
30
34
24
23
29
31
31
27
27
22
18
22
0
20
18
29
24
19
16
39
56
13
13
57
37
35
44
42
37
23
6
6
12
12
12
11
12
12
11
11
91
81
63
60
67
9
9
59
49
50
47
16
18
38
42
37
32
40
35
31
31
34
58
65
67
67
34
92
35
31
32
12
11
24
26
28
25
49
37
54
39
43
25
22
22
24
24
8
7
14
11
10
10
9
15
39
38
21
45
48
47
43
46
27
27
30
31
42
26
25
35
33
33
18
19
6
26
21
15
7
12
13
22
19
16
13
12
10
46
47
14
76
44
60
73
70
59
48
47
49
25
24
22
19
12
192
180
198
179
209
166
180
180
176
172
159
101
94
95
73
63
34
26
34
30
30
26
27
27
15
30
31
25
23
20
19
21
22
22
16
20
16
105
102
99
91
84
80
72
68
33
33
35
30
30
43
16
11
23
9
9
27
25
22
22
22
22
23
20
20
21
19
19
50
49
44
41
50
51
63
60
40
40
35
46
43
69
37
36
50
35
16
50
49
24
24
24
17
69
48
43
41
34
31
27
29
27
27
25
35
3
3
17
18
0
3
4
3
4
5
21
24
26
30
29
3
1
1
4
20
9
28
24
24
4
4
4
4
2
1
1
1
0
0
15
16
2
5
0
16
2
1
8
2
29
20
4
8
27
0
2
12
6
0
0
4
0
19
27
1
21
11
1
5
12
3
1
1
0
0
7
9
13
1
6
1
0
8
0
62
3
8
67
24
12
9
10
27
5
0
5
0
1
1
38
27
21
0
0
1
12
44
2
21
6
13
2
16
13
20
20
3
0
0
9
1
8
11
15
2
12
12
13
17
0
4
17
3
2
2
11
11
2
14
6
20
1
0
20
29
7
7
0
3
26
10
0
2
24
55
0
10
73
31
0
5
6
0
0
1
