161
156
501
299
298
379
233
227
285
271
275
225
218
216
310
285
341
340
340
338
354
345
341
261
259
221
201
273
369
302
307
433
390
373
365
345
277
167
244
161
158
83
153
171
246
243
238
249
247
176
194
123
330
403
393
290
285
296
289
284
275
272
176
172
168
182
113
102
101
77
74
73
130
30
23
100
77
81
86
182
247
279
250
250
287
286
284
284
275
288
248
255
253
242
239
238
212
169
199
121
193
163
165
151
142
227
198
238
265
259
261
247
421
292
292
273
213
252
246
189
102
99
98
81
108
102
114
231
190
0
65
58
241
237
227
196
136
102
98
295
229
209
207
191
189
180
174
167
164
160
70
69
191
60
169
313
274
273
267
244
277
276
275
268
271
264
261
252
193
405
392
386
97
208
183
182
241
40
0
0
47
235
164
123
296
300
210
206
210
207
205
203
183
183
176
175
168
155
153
335
288
283
280
277
231
81
215
211
202
177
169
141
136
211
209
209
206
208
164
155
148
142
153
132
158
155
42
39
37
27
284
288
288
286
105
109
292
332
330
324
255
255
68
65
58
93
91
93
90
85
89
91
0
152
151
234
236
199
175
218
295
129
126
364
277
274
317
310
306
151
63
63
99
97
95
93
89
88
77
75
444
439
241
235
273
86
84
186
176
257
250
134
132
203
198
200
152
201
163
167
178
171
171
268
259
252
172
570
294
297
293
146
143
337
330
320
175
235
106
133
93
93
257
256
250
244
233
139
135
196
169
163
156
150
246
292
289
79
238
234
241
178
177
189
185
174
169
209
198
199
256
251
246
127
120
42
164
177
174
105
141
125
148
148
145
143
142
136
244
241
97
410
284
430
434
353
260
189
126
188
142
133
131
125
97
647
612
823
767
770
579
622
352
573
569
470
528
518
546
463
452
334
331
358
378
372
299
286
313
207
309
97
100
104
79
78
86
86
86
70
70
74
446
446
448
439
498
494
491
488
231
227
265
191
186
305
132
131
242
116
113
258
252
247
242
212
209
238
234
230
234
157
109
213
211
197
195
350
338
336
324
179
287
225
269
231
247
177
168
340
300
214
385
376
143
135
119
90
415
245
343
271
223
223
216
205
172
170
166
170
12
11
113
111
0
121
119
117
113
72
119
115
105
157
150
32
31
16
60
181
29
107
107
156
40
40
50
49
50
28
27
44
32
32
89
84
22
109
2
140
140
2
10
79
107
78
41
52
112
97
186
35
44
0
0
2
0
83
109
64
74
154
9
24
34
27
31
42
0
17
85
6
61
47
59
12
13
40
0
216
12
66
207
88
151
59
9
95
17
0
26
27
17
57
186
99
75
61
0
59
75
35
105
96
18
71
24
61
100
77
25
12
15
1
20
37
31
93
86
22
207
43
9
114
0
68
119
29
32
71
165
58
29
25
22
152
23
26
104
138
16
67
13
14
149
88
0
26
43
174
222
85
84
103
0
29
66
209
3
11
