84
83
287
171
165
208
140
124
121
103
103
83
75
68
123
103
133
129
118
112
104
89
85
78
73
57
50
89
105
102
100
163
151
138
120
98
74
78
126
33
29
12
52
80
112
102
94
115
104
81
87
48
180
162
144
104
99
99
92
88
74
74
40
37
36
45
28
24
22
17
13
13
51
15
13
86
74
71
63
43
99
115
106
106
123
121
116
106
98
91
84
78
77
64
62
64
39
31
81
63
132
114
108
91
82
92
64
64
76
71
66
63
183
139
136
95
71
117
111
89
54
46
43
33
51
41
72
104
49
0
57
52
68
74
75
78
58
42
36
131
116
107
104
87
86
69
62
61
53
52
23
17
121
11
55
236
196
185
174
158
157
143
128
119
104
94
85
72
55
130
128
120
34
86
77
74
116
10
0
0
15
107
34
36
111
116
83
75
78
74
73
72
59
53
51
47
47
55
49
163
144
140
133
127
108
23
63
59
54
38
36
35
33
110
102
100
96
95
71
67
60
56
70
50
60
55
11
10
10
9
120
115
111
110
45
50
124
227
205
195
147
134
72
57
63
88
83
80
63
59
59
58
0
55
54
112
111
96
87
133
153
71
69
171
137
130
143
131
117
49
15
14
24
23
22
19
18
15
13
12
120
124
131
127
138
52
44
77
72
108
100
58
48
72
65
66
50
68
57
60
61
52
72
94
88
86
57
229
135
133
129
40
35
91
80
74
52
86
49
50
40
34
112
107
105
95
90
47
39
55
49
48
47
44
62
113
110
29
101
93
88
66
65
83
82
78
71
88
80
74
110
105
97
18
7
31
105
110
88
44
58
46
53
52
51
53
53
43
110
108
37
172
117
245
200
150
113
87
56
75
56
47
45
37
34
218
196
344
316
336
228
209
148
233
225
182
245
235
247
206
182
131
126
139
131
122
96
88
129
58
57
32
36
57
49
49
56
54
55
49
44
45
213
204
198
193
202
194
189
187
107
99
106
71
63
117
32
35
88
38
36
95
89
79
72
55
51
47
44
43
42
28
20
78
72
68
66
144
139
141
126
69
119
91
106
92
102
58
48
115
85
54
94
90
28
27
28
26
158
83
156
132
111
106
93
76
56
50
45
58
1
1
59
54
0
37
34
33
27
11
32
25
18
43
40
3
5
5
21
42
5
49
50
60
12
12
14
13
15
12
12
16
7
5
33
32
10
34
0
79
21
5
7
40
35
28
13
22
43
32
57
36
20
0
0
4
0
59
64
12
27
64
0
4
22
3
2
9
0
4
34
8
30
1
16
3
4
32
0
80
2
14
106
59
56
16
9
59
10
0
7
3
2
13
51
37
45
9
0
4
23
58
40
44
10
21
5
40
32
77
16
7
2
0
13
14
17
48
39
0
70
25
3
68
0
19
65
11
4
10
85
19
6
15
3
62
7
0
43
109
20
38
3
8
74
26
0
3
22
82
92
20
25
35
0
12
16
19
22
13
