53
51
212
144
139
172
119
103
101
81
85
67
62
58
93
84
105
102
92
87
78
70
68
60
59
44
39
72
85
83
82
133
119
107
94
86
68
86
102
32
29
12
36
63
88
81
72
97
89
71
76
42
155
122
103
77
74
76
74
73
67
67
34
34
34
43
25
22
21
14
11
11
42
15
13
70
60
57
49
42
80
100
92
92
108
105
103
89
83
81
74
83
81
75
73
73
49
38
62
45
97
79
73
54
47
61
53
51
59
56
53
51
146
107
104
74
60
119
114
103
62
54
49
37
54
35
49
79
39
0
44
36
58
68
68
71
54
28
28
139
128
114
111
95
93
74
67
66
56
54
25
17
116
13
58
234
194
181
166
155
148
137
127
114
100
90
81
69
52
118
117
111
32
86
76
73
101
10
0
0
15
80
33
26
112
115
76
66
69
67
66
62
56
64
60
58
58
61
53
131
108
105
100
93
65
18
44
40
36
35
35
34
34
99
91
89
85
84
60
57
51
49
68
53
60
53
15
11
7
5
112
111
105
104
39
44
117
233
215
203
164
147
83
66
76
110
106
97
76
74
71
65
0
48
47
70
70
58
50
86
97
37
36
122
101
98
100
91
83
33
13
12
35
32
30
27
27
24
23
21
116
121
112
108
113
16
20
55
49
68
63
40
35
61
57
60
42
50
38
41
54
46
59
77
74
74
52
201
112
112
112
35
34
88
78
70
56
90
59
56
42
35
96
90
89
79
75
44
35
53
46
44
44
42
59
119
113
35
87
81
78
59
59
57
57
57
53
61
56
52
75
69
64
18
9
26
96
97
74
34
48
39
48
48
46
47
46
34
92
89
34
134
86
193
158
131
109
83
54
64
44
38
36
32
30
215
196
297
283
286
201
183
132
189
182
150
178
170
164
135
126
96
90
105
103
102
77
75
117
50
53
27
30
44
33
33
33
32
34
27
24
29
146
142
145
147
172
165
159
161
84
79
100
75
69
103
36
38
70
31
29
69
69
65
59
45
44
41
41
39
46
33
24
73
67
61
59
116
108
118
102
62
117
95
106
92
98
63
51
103
74
49
86
84
20
21
22
21
116
53
116
94
76
75
68
60
50
47
53
59
7
6
63
57
0
30
30
30
25
9
30
24
19
44
42
6
6
5
19
39
6
47
48
58
16
16
19
16
18
12
12
16
7
5
21
20
3
27
2
65
15
0
5
23
24
31
13
11
39
23
53
37
16
0
0
0
0
25
56
12
16
47
0
5
26
3
6
9
0
4
21
17
27
4
15
1
9
27
0
68
3
14
60
48
49
8
13
39
5
0
1
4
3
13
46
21
36
9
0
4
23
57
26
31
9
21
7
33
25
61
14
7
0
0
1
14
16
46
28
3
66
13
3
40
0
15
50
10
1
10
63
16
6
13
3
54
4
3
45
101
14
34
3
3
58
15
0
4
11
65
59
20
27
20
0
10
14
20
13
6
