171
167
621
434
439
604
427
431
494
350
348
300
299
302
427
326
441
441
440
443
453
449
442
369
365
316
246
356
494
397
399
685
641
619
622
602
513
355
548
294
285
188
226
315
413
411
410
459
456
340
387
240
588
563
575
391
386
400
395
387
379
379
281
276
270
291
192
186
179
138
135
132
205
96
89
256
165
170
180
308
396
450
420
421
526
527
521
548
546
583
452
515
515
509
503
496
479
410
436
257
393
361
364
354
351
345
307
346
360
351
352
333
735
606
608
673
525
627
624
504
403
405
395
354
391
307
188
533
498
0
134
125
623
639
624
528
408
303
290
637
528
462
460
431
428
429
427
417
413
407
234
234
538
202
769
786
682
689
688
677
742
742
731
733
724
722
705
701
307
570
564
553
152
388
342
340
468
55
0
0
97
546
295
179
529
526
472
468
482
474
470
465
414
446
443
442
426
395
390
655
614
597
594
572
371
193
501
495
495
428
405
329
320
522
521
513
509
504
458
458
398
395
456
399
465
454
182
184
185
153
508
505
501
500
148
147
458
854
844
839
701
698
427
423
468
623
620
617
623
584
579
576
0
283
280
383
387
348
332
355
407
167
169
490
417
415
461
464
461
279
160
157
259
253
252
253
246
243
211
211
567
560
436
431
467
110
136
416
381
504
499
243
239
414
412
407
329
380
322
310
366
358
233
531
522
509
320
827
553
558
546
278
268
663
666
648
415
528
319
418
291
287
683
679
661
656
645
346
343
434
334
322
314
307
455
601
597
180
502
502
499
290
281
279
273
258
254
283
272
273
342
346
342
238
231
99
378
410
407
226
312
287
346
337
336
328
328
324
459
456
258
619
444
819
845
917
727
582
492
570
389
384
369
359
167
714
668
1065
983
1049
799
925
581
1002
990
860
818
808
860
710
704
489
487
512
533
525
379
369
523
253
469
119
115
141
110
109
142
140
135
107
110
104
556
559
555
548
694
690
687
683
484
484
586
475
470
681
267
266
367
190
189
416
410
402
398
342
339
367
353
351
385
302
223
363
360
338
332
651
643
559
552
316
548
450
502
442
497
437
438
718
564
439
704
687
286
273
258
199
584
360
579
482
407
402
396
385
344
342
372
377
71
72
625
616
0
173
167
165
161
113
201
192
186
323
307
93
87
39
96
338
78
281
276
348
59
58
115
116
114
40
39
53
39
39
101
94
31
311
13
265
220
1
30
126
247
180
70
56
243
174
270
111
68
0
0
1
0
103
179
156
52
185
31
84
54
23
116
60
0
31
90
83
190
138
107
20
56
99
0
270
31
129
194
160
182
57
137
121
92
0
12
46
65
77
317
98
94
111
0
86
152
211
191
163
26
95
36
71
109
166
88
22
38
4
48
43
65
275
277
95
405
32
8
101
0
96
209
55
27
79
330
86
53
147
50
205
37
77
600
334
63
183
26
10
190
190
0
185
65
235
426
111
234
210
0
35
144
344
27
28
